INFO - hyperopt - Running command 'main'
INFO - hyperopt - Started run with ID "32"
using LBP
[ 1.          1.         -1.          1.          1.          0.66666667
  0.5         1.          1.          0.16666667  0.5         1.
  1.          0.83333333  1.          1.         -1.          1.
  0.83333333  0.66666667  0.5        -1.          0.83333333 -1.
  0.5         1.         -1.         -1.          0.83333333  1.
 -1.          0.5        -1.          1.          0.83333333 -1.
  0.83333333  0.5         0.83333333  1.          0.66666667  0.33333333
 -1.          0.5         1.         -1.         -1.         -1.
  1.          0.83333333  1.         -1.          1.         -1.
  1.          0.5         0.66666667  0.83333333  1.          0.33333333
  0.83333333  0.83333333 -1.          0.83333333  0.66666667 -1.
  0.83333333  1.          0.5         1.          1.          0.5
 -1.          0.5        -1.          1.          0.5         0.83333333
  1.          0.83333333  0.5         0.5         0.83333333  1.
  1.         -1.         -1.         -1.         -1.          0.66666667
  1.          1.         -1.          0.5        -1.          0.83333333
 -1.         -1.          1.          0.83333333  1.          0.83333333
  1.          1.         -1.          0.5         0.5         1.
  0.83333333  1.          0.83333333 -1.         -1.          0.83333333
  0.83333333 -1.          1.          1.         -1.         -1.
  1.          1.          1.          0.5         1.          0.83333333
 -1.         -1.          1.          0.5         1.         -1.
  1.         -1.          1.          1.         -1.          1.
  0.83333333 -1.          0.5        -1.          1.          0.83333333
 -1.          0.83333333  0.66666667 -1.          1.          1.
  0.83333333 -1.         -1.          0.5         1.          0.83333333
  1.          1.         -1.         -1.          0.5         1.
 -1.          0.5         0.83333333  1.          1.         -1.
  1.          0.83333333  0.33333333  0.83333333  0.83333333 -1.
  0.66666667  1.          1.          1.          1.          0.83333333
  1.          0.5         1.          1.          1.          1.
  0.5         1.          0.66666667  0.5        -1.          1.
  1.          0.66666667  1.          1.         -1.         -1.
  1.          1.         -1.          1.         -1.          1.
 -1.          0.5        -1.          1.          0.83333333 -1.
 -1.          0.33333333  1.          1.          0.33333333  1.
  0.83333333  0.33333333 -1.          0.5         1.          0.83333333
  0.33333333  1.         -1.          0.66666667  0.83333333  1.
  1.          1.          1.          0.83333333  0.5         0.66666667
  1.         -1.          1.          1.          0.83333333  0.83333333
  1.          1.          1.         -1.          1.          0.5
  1.         -1.          0.66666667  0.66666667 -1.          0.66666667
  0.33333333 -1.          0.83333333  1.          1.         -1.
  1.          1.          0.83333333  1.          1.          0.66666667
 -1.          1.          1.         -1.         -1.         -1.
 -1.          1.          1.         -1.          1.          0.83333333
  1.          1.         -1.          0.66666667 -1.          0.83333333
  1.         -1.          0.83333333  1.          0.5         0.66666667
 -1.          1.          0.83333333 -1.          1.          0.83333333
  1.          0.83333333  0.66666667  1.          1.          1.
  0.83333333 -1.         -1.          0.16666667  1.         -1.
 -1.          0.83333333  0.66666667 -1.          0.66666667  1.
  1.         -1.          1.         -1.          1.          1.
  1.          1.          1.         -1.          1.         -1.
 -1.          0.66666667 -1.         -1.         -1.         -1.
 -1.          0.66666667  1.          1.         -1.         -1.
  0.5         0.83333333 -1.          1.          1.          1.
  0.83333333  1.          1.          0.5        -1.          1.
 -1.          1.         -1.          0.83333333 -1.         -1.
  0.83333333  0.5         1.          1.          0.5         0.83333333
  0.5         0.83333333  0.66666667 -1.          1.         -1.
  0.83333333  0.66666667  0.66666667  0.83333333 -1.          0.66666667
  0.83333333  1.         -1.          1.         -1.         -1.
  1.          0.83333333  1.          1.          0.66666667  0.66666667
  1.          0.83333333 -1.          0.83333333  1.          1.
  0.5         1.          0.66666667  1.          0.83333333  0.5
  0.83333333  0.5         0.83333333  1.         -1.          1.
  0.83333333  0.83333333  0.83333333  0.83333333  1.          0.66666667
 -1.          0.5         0.66666667  1.          1.          0.66666667
 -1.         -1.          1.          0.5        -1.          1.
  1.          0.83333333  1.          1.          0.5         0.66666667
  0.5         1.          1.          0.83333333  1.          1.
  0.83333333  1.          0.83333333  0.83333333  1.         -1.
  0.66666667  0.83333333 -1.          0.66666667  1.          1.
  0.5         1.         -1.          0.83333333  0.83333333 -1.
  0.66666667  1.          0.83333333  1.          1.          1.
  1.         -1.          1.          0.83333333  0.66666667  1.
  1.          0.5         1.         -1.          1.          0.83333333
  1.          0.83333333 -1.         -1.          0.83333333  0.66666667
  1.         -1.         -1.          1.         -1.          0.83333333
 -1.          0.83333333  1.         -1.          0.83333333  0.5
 -1.         -1.          0.83333333 -1.          0.83333333 -1.
 -1.          1.          1.          0.83333333  1.          1.
  1.          0.83333333  1.          0.16666667  1.          1.
  0.16666667  0.5         1.          0.83333333  0.66666667 -1.
  0.83333333  1.          0.5         0.83333333 -1.         -1.
  1.         -1.          1.          0.83333333  1.          0.83333333
  1.          0.83333333  0.5         0.83333333 -1.          1.
  1.          0.83333333  0.83333333  1.         -1.          0.5
  1.          0.83333333  1.          0.5         0.83333333  1.
  0.5         1.          1.          0.66666667 -1.         -1.
 -1.          1.          0.5         0.83333333  1.          1.
  1.          0.5        -1.         -1.          1.          1.
 -1.          0.83333333  1.          0.66666667 -1.         -1.
  0.83333333  1.         -1.          0.5        -1.          0.83333333
  1.         -1.         -1.         -1.          0.5        -1.
 -1.          0.66666667 -1.          1.          0.5         0.66666667
  1.          0.5         1.         -1.          1.         -1.
  0.83333333  0.66666667 -1.         -1.          1.          0.5
 -1.          0.5         1.         -1.          1.         -1.
 -1.          1.          1.          1.          0.83333333 -1.
 -1.          1.          1.          0.66666667  1.         -1.
 -1.         -1.          1.         -1.          0.83333333  1.
 -1.          0.83333333  0.66666667  1.          0.66666667 -1.
  0.83333333  0.83333333  0.5         1.          0.66666667  1.
 -1.          0.83333333 -1.          1.         -1.          0.5
  0.5         0.83333333  0.83333333 -1.          0.66666667  0.83333333
  0.33333333  0.83333333  1.          0.33333333  1.          0.83333333
  1.          0.66666667 -1.          0.83333333  1.          1.
  0.66666667 -1.         -1.          0.66666667  0.83333333  0.33333333
 -1.          0.         -1.         -1.          1.         -1.
  1.          0.83333333  1.          1.         -1.          0.5
  1.         -1.          0.83333333 -1.          0.83333333  0.5
 -1.          0.83333333  1.          1.          0.5         0.5
 -1.          1.          1.          0.83333333  0.66666667  0.83333333
  1.          1.          1.         -1.         -1.         -1.
  0.83333333 -1.          1.          1.         -1.          1.
  0.66666667  1.          1.          1.         -1.          1.
  0.83333333  0.83333333 -1.         -1.         -1.          0.66666667
  0.5        -1.          1.          1.          0.66666667  0.83333333
  1.          1.         -1.          0.83333333 -1.          1.
 -1.          0.83333333 -1.          1.         -1.         -1.
  1.          0.83333333 -1.          1.         -1.          0.83333333
  1.          0.5         1.          0.16666667  0.83333333  0.5
 -1.         -1.          1.          0.5        -1.          0.16666667
  1.         -1.          1.          0.83333333 -1.          1.
  0.83333333  1.          0.5         0.83333333 -1.          1.
  0.83333333  1.          1.         -1.         -1.         -1.
  1.          0.5         0.83333333 -1.          1.          0.5
  0.83333333  1.          0.5         0.83333333  0.5        -1.
 -1.         -1.          1.          0.83333333 -1.          0.83333333
  1.          0.83333333  0.5         0.83333333  0.5         1.
 -1.         -1.          0.5         0.66666667  0.83333333  1.
  0.5         0.5        -1.          1.         -1.          1.
  0.5         0.5         0.83333333  0.83333333  1.          1.
 -1.          1.          0.5        -1.          0.66666667  1.
  0.83333333  0.83333333  1.          1.          0.83333333  0.66666667
  0.83333333  0.83333333  0.66666667  1.          0.16666667  0.83333333
  1.          0.83333333  0.5        -1.          0.5         1.
  0.83333333 -1.          0.5         0.66666667  1.         -1.
  0.66666667  0.5        -1.         -1.          0.33333333  0.83333333
  0.83333333  1.          1.          0.66666667  1.          0.83333333
  0.5         1.          0.66666667 -1.         -1.         -1.
  0.          1.          1.          1.          1.          1.
  1.         -1.          1.         -1.         -1.          1.
  0.83333333  1.          0.83333333  1.          0.66666667  0.5
  1.          1.          1.          1.         -1.          0.83333333
  1.          0.83333333 -1.         -1.          1.         -1.
  0.5         1.         -1.          1.         -1.          1.
  1.          1.          1.          1.          1.         -1.
  1.         -1.         -1.          0.83333333  1.         -1.
  1.          0.83333333 -1.         -1.          0.66666667  0.83333333
 -1.          1.          0.83333333  1.         -1.          1.
  1.          0.5         0.83333333  1.          0.83333333  0.66666667
 -1.          0.83333333 -1.          0.66666667]
num_features: 359
data_train_padded.shape: (928, 784)
