INFO - hyperopt - Running command 'main'
INFO - hyperopt - Started run with ID "31"
using LBP
WARNING - matplotlib.font_manager - Matplotlib is building the font cache; this may take a moment.
INFO - matplotlib.font_manager - Failed to extract font properties from /System/Library/Fonts/Supplemental/NISC18030.ttf: In FT2Font: Could not set the fontsize (invalid pixel size; error code 0x17)
INFO - matplotlib.font_manager - Failed to extract font properties from /System/Library/Fonts/LastResort.otf: tuple indices must be integers or slices, not str
INFO - matplotlib.font_manager - Failed to extract font properties from /System/Library/Fonts/Apple Color Emoji.ttc: In FT2Font: Could not set the fontsize (invalid pixel size; error code 0x17)
INFO - matplotlib.font_manager - generated new fontManager
[ 1.          1.         -1.          1.          1.          0.66666667
  0.5         1.          1.          0.16666667  0.5         1.
  1.          0.83333333  1.          1.         -1.          1.
  0.83333333  0.66666667  0.5        -1.          0.83333333 -1.
  0.5         1.         -1.         -1.          0.83333333  1.
 -1.          0.5        -1.          1.          0.83333333 -1.
  0.83333333  0.5         0.83333333  1.          0.66666667  0.33333333
 -1.          0.5         1.         -1.         -1.         -1.
  1.          0.83333333  1.         -1.          1.         -1.
  1.          0.5         0.66666667  0.83333333  1.          0.33333333
  0.83333333  0.83333333 -1.          0.83333333  0.66666667 -1.
  0.83333333  1.          0.5         1.          1.          0.5
 -1.          0.5        -1.          1.          0.5         0.83333333
  1.          0.83333333  0.5         0.5         0.83333333  1.
  1.         -1.         -1.         -1.         -1.          0.66666667
  1.          1.         -1.          0.5        -1.          0.83333333
 -1.         -1.          1.          0.83333333  1.          0.83333333
  1.          1.         -1.          0.5         0.5         1.
  0.83333333  1.          0.83333333 -1.         -1.          0.83333333
  0.83333333 -1.          1.          1.         -1.         -1.
  1.          1.          1.          0.5         1.          0.83333333
 -1.         -1.          1.          0.5         1.         -1.
  1.         -1.          1.          1.         -1.          1.
  0.83333333 -1.          0.5        -1.          1.          0.83333333
 -1.          0.83333333  0.66666667 -1.          1.          1.
  0.83333333 -1.         -1.          0.5         1.          0.83333333
  1.          1.         -1.         -1.          0.5         1.
 -1.          0.5         0.83333333  1.          1.         -1.
  1.          0.83333333  0.33333333  0.83333333  0.83333333 -1.
  0.66666667  1.          1.          1.          1.          0.83333333
  1.          0.5         1.          1.          1.          1.
  0.5         1.          0.66666667  0.5        -1.          1.
  1.          0.66666667  1.          1.         -1.         -1.
  1.          1.         -1.          1.         -1.          1.
 -1.          0.5        -1.          1.          0.83333333 -1.
 -1.          0.33333333  1.          1.          0.33333333  1.
  0.83333333  0.33333333 -1.          0.5         1.          0.83333333
  0.33333333  1.         -1.          0.66666667  0.83333333  1.
  1.          1.          1.          0.83333333  0.5         0.66666667
  1.         -1.          1.          1.          0.83333333  0.83333333
  1.          1.          1.         -1.          1.          0.5
  1.         -1.          0.66666667  0.66666667 -1.          0.66666667
  0.33333333 -1.          0.83333333  1.          1.         -1.
  1.          1.          0.83333333  1.          1.          0.66666667
 -1.          1.          1.         -1.         -1.         -1.
 -1.          1.          1.         -1.          1.          0.83333333
  1.          1.         -1.          0.66666667 -1.          0.83333333
  1.         -1.          0.83333333  1.          0.5         0.66666667
 -1.          1.          0.83333333 -1.          1.          0.83333333
  1.          0.83333333  0.66666667  1.          1.          1.
  0.83333333 -1.         -1.          0.16666667  1.         -1.
 -1.          0.83333333  0.66666667 -1.          0.66666667  1.
  1.         -1.          1.         -1.          1.          1.
  1.          1.          1.         -1.          1.         -1.
 -1.          0.66666667 -1.         -1.         -1.         -1.
 -1.          0.66666667  1.          1.         -1.         -1.
  0.5         0.83333333 -1.          1.          1.          1.
  0.83333333  1.          1.          0.5        -1.          1.
 -1.          1.         -1.          0.83333333 -1.         -1.
  0.83333333  0.5         1.          1.          0.5         0.83333333
  0.5         0.83333333  0.66666667 -1.          1.         -1.
  0.83333333  0.66666667  0.66666667  0.83333333 -1.          0.66666667
  0.83333333  1.         -1.          1.         -1.         -1.
  1.          0.83333333  1.          1.          0.66666667  0.66666667
  1.          0.83333333 -1.          0.83333333  1.          1.
  0.5         1.          0.66666667  1.          0.83333333  0.5
  0.83333333  0.5         0.83333333  1.         -1.          1.
  0.83333333  0.83333333  0.83333333  0.83333333  1.          0.66666667
 -1.          0.5         0.66666667  1.          1.          0.66666667
 -1.         -1.          1.          0.5        -1.          1.
  1.          0.83333333  1.          1.          0.5         0.66666667
  0.5         1.          1.          0.83333333  1.          1.
  0.83333333  1.          0.83333333  0.83333333  1.         -1.
  0.66666667  0.83333333 -1.          0.66666667  1.          1.
  0.5         1.         -1.          0.83333333  0.83333333 -1.
  0.66666667  1.          0.83333333  1.          1.          1.
  1.         -1.          1.          0.83333333  0.66666667  1.
  1.          0.5         1.         -1.          1.          0.83333333
  1.          0.83333333 -1.         -1.          0.83333333  0.66666667
  1.         -1.         -1.          1.         -1.          0.83333333
 -1.          0.83333333  1.         -1.          0.83333333  0.5
 -1.         -1.          0.83333333 -1.          0.83333333 -1.
 -1.          1.          1.          0.83333333  1.          1.
  1.          0.83333333  1.          0.16666667  1.          1.
  0.16666667  0.5         1.          0.83333333  0.66666667 -1.
  0.83333333  1.          0.5         0.83333333 -1.         -1.
  1.         -1.          1.          0.83333333  1.          0.83333333
  1.          0.83333333  0.5         0.83333333 -1.          1.
  1.          0.83333333  0.83333333  1.         -1.          0.5
  1.          0.83333333  1.          0.5         0.83333333  1.
  0.5         1.          1.          0.66666667 -1.         -1.
 -1.          1.          0.5         0.83333333  1.          1.
  1.          0.5        -1.         -1.          1.          1.
 -1.          0.83333333  1.          0.66666667 -1.         -1.
  0.83333333  1.         -1.          0.5        -1.          0.83333333
  1.         -1.         -1.         -1.          0.5        -1.
 -1.          0.66666667 -1.          1.          0.5         0.66666667
  1.          0.5         1.         -1.          1.         -1.
  0.83333333  0.66666667 -1.         -1.          1.          0.5
 -1.          0.5         1.         -1.          1.         -1.
 -1.          1.          1.          1.          0.83333333 -1.
 -1.          1.          1.          0.66666667  1.         -1.
 -1.         -1.          1.         -1.          0.83333333  1.
 -1.          0.83333333  0.66666667  1.          0.66666667 -1.
  0.83333333  0.83333333  0.5         1.          0.66666667  1.
 -1.          0.83333333 -1.          1.         -1.          0.5
  0.5         0.83333333  0.83333333 -1.          0.66666667  0.83333333
  0.33333333  0.83333333  1.          0.33333333  1.          0.83333333
  1.          0.66666667 -1.          0.83333333  1.          1.
  0.66666667 -1.         -1.          0.66666667  0.83333333  0.33333333
 -1.          0.         -1.         -1.          1.         -1.
  1.          0.83333333  1.          1.         -1.          0.5
  1.         -1.          0.83333333 -1.          0.83333333  0.5
 -1.          0.83333333  1.          1.          0.5         0.5
 -1.          1.          1.          0.83333333  0.66666667  0.83333333
  1.          1.          1.         -1.         -1.         -1.
  0.83333333 -1.          1.          1.         -1.          1.
  0.66666667  1.          1.          1.         -1.          1.
  0.83333333  0.83333333 -1.         -1.         -1.          0.66666667
  0.5        -1.          1.          1.          0.66666667  0.83333333
  1.          1.         -1.          0.83333333 -1.          1.
 -1.          0.83333333 -1.          1.         -1.         -1.
  1.          0.83333333 -1.          1.         -1.          0.83333333
  1.          0.5         1.          0.16666667  0.83333333  0.5
 -1.         -1.          1.          0.5        -1.          0.16666667
  1.         -1.          1.          0.83333333 -1.          1.
  0.83333333  1.          0.5         0.83333333 -1.          1.
  0.83333333  1.          1.         -1.         -1.         -1.
  1.          0.5         0.83333333 -1.          1.          0.5
  0.83333333  1.          0.5         0.83333333  0.5        -1.
 -1.         -1.          1.          0.83333333 -1.          0.83333333
  1.          0.83333333  0.5         0.83333333  0.5         1.
 -1.         -1.          0.5         0.66666667  0.83333333  1.
  0.5         0.5        -1.          1.         -1.          1.
  0.5         0.5         0.83333333  0.83333333  1.          1.
 -1.          1.          0.5        -1.          0.66666667  1.
  0.83333333  0.83333333  1.          1.          0.83333333  0.66666667
  0.83333333  0.83333333  0.66666667  1.          0.16666667  0.83333333
  1.          0.83333333  0.5        -1.          0.5         1.
  0.83333333 -1.          0.5         0.66666667  1.         -1.
  0.66666667  0.5        -1.         -1.          0.33333333  0.83333333
  0.83333333  1.          1.          0.66666667  1.          0.83333333
  0.5         1.          0.66666667 -1.         -1.         -1.
  0.          1.          1.          1.          1.          1.
  1.         -1.          1.         -1.         -1.          1.
  0.83333333  1.          0.83333333  1.          0.66666667  0.5
  1.          1.          1.          1.         -1.          0.83333333
  1.          0.83333333 -1.         -1.          1.         -1.
  0.5         1.         -1.          1.         -1.          1.
  1.          1.          1.          1.          1.         -1.
  1.         -1.         -1.          0.83333333  1.         -1.
  1.          0.83333333 -1.         -1.          0.66666667  0.83333333
 -1.          1.          0.83333333  1.         -1.          1.
  1.          0.5         0.83333333  1.          0.83333333  0.66666667
 -1.          0.83333333 -1.          0.66666667]
num_features: 359
data_train_padded.shape: (928, 784)
