INFO - hyperopt - Running command 'main'
INFO - hyperopt - Started run with ID "10"
num_features: 359
data_train_padded.shape: (928, 784)
data_train.shape: (630, 28, 28, 1), data_val.shape: (112, 28, 28, 1), data_test.shape: (186, 28, 28, 1)
2024-06-08 09:41:04.401570: I tensorflow/compiler/mlir/mlir_graph_optimization_pass.cc:388] MLIR V1 optimization pass is not enabled

**********Starting job hyperopt_100_8-8_2024-06-08_d9efe********* 

  0%|          | 0/710 [00:00<?, ?it/s]

Autoencoder Pretraining...

Sample batch from train_gen:
Batch data sample: [[[[ 0.        ]
   [ 0.        ]
   [ 0.5       ]
   ...
   [ 0.        ]
   [ 0.        ]
   [ 0.        ]]

  [[ 0.        ]
   [ 0.        ]
   [ 0.        ]
   ...
   [ 0.        ]
   [ 0.        ]
   [ 0.        ]]

  [[ 0.        ]
   [-1.        ]
   [-1.        ]
   ...
   [ 0.        ]
   [ 0.        ]
   [ 0.        ]]

  ...

  [[ 0.        ]
   [ 0.        ]
   [ 0.        ]
   ...
   [ 0.        ]
   [ 0.        ]
   [ 0.        ]]

  [[ 0.        ]
   [ 0.        ]
   [ 0.        ]
   ...
   [ 0.        ]
   [ 0.        ]
   [ 0.        ]]

  [[ 0.        ]
   [ 0.        ]
   [ 0.        ]
   ...
   [ 0.        ]
   [ 0.        ]
   [ 0.        ]]]


 [[[ 0.3       ]
   [ 0.08695652]
   [ 0.5       ]
   ...
   [ 0.33333333]
   [ 0.14285714]
   [ 0.28571429]]

  [[ 0.3       ]
   [ 0.        ]
   [ 0.        ]
   ...
   [ 0.        ]
   [ 0.        ]
   [ 0.        ]]

  [[ 0.        ]
   [ 0.        ]
   [ 0.        ]
   ...
   [ 0.        ]
   [ 0.        ]
   [ 0.        ]]

  ...

  [[ 0.        ]
   [ 0.        ]
   [ 0.        ]
   ...
   [ 0.        ]
   [ 0.        ]
   [ 0.        ]]

  [[ 0.        ]
   [ 0.        ]
   [ 0.        ]
   ...
   [ 0.        ]
   [ 0.        ]
   [ 0.        ]]

  [[ 0.        ]
   [ 0.        ]
   [ 0.        ]
   ...
   [ 0.        ]
   [ 0.        ]
   [ 0.        ]]]


 [[[-1.        ]
   [-1.        ]
   [ 0.5       ]
   ...
   [-1.        ]
   [-1.        ]
   [ 0.14285714]]

  [[ 0.1       ]
   [ 0.        ]
   [ 0.        ]
   ...
   [ 0.        ]
   [ 0.        ]
   [ 0.        ]]

  [[ 0.        ]
   [ 0.        ]
   [ 0.        ]
   ...
   [ 0.        ]
   [ 0.        ]
   [ 0.        ]]

  ...

  [[ 0.        ]
   [ 0.        ]
   [ 0.        ]
   ...
   [ 0.        ]
   [ 0.        ]
   [ 0.        ]]

  [[ 0.        ]
   [ 0.        ]
   [ 0.        ]
   ...
   [ 0.        ]
   [ 0.        ]
   [ 0.        ]]

  [[ 0.        ]
   [ 0.        ]
   [ 0.        ]
   ...
   [ 0.        ]
   [ 0.        ]
   [ 0.        ]]]


 [[[ 0.        ]
   [ 0.04347826]
   [ 0.        ]
   ...
   [ 0.        ]
   [ 0.        ]
   [ 0.        ]]

  [[ 0.        ]
   [ 0.        ]
   [ 0.28571429]
   ...
   [ 0.        ]
   [ 0.        ]
   [ 0.        ]]

  [[ 0.        ]
   [ 0.14285714]
   [ 0.3       ]
   ...
   [ 0.        ]
   [ 0.        ]
   [ 0.        ]]

  ...

  [[ 0.        ]
   [ 0.        ]
   [ 0.        ]
   ...
   [ 0.        ]
   [ 0.        ]
   [ 0.        ]]

  [[ 0.        ]
   [ 0.        ]
   [ 0.        ]
   ...
   [ 0.        ]
   [ 0.        ]
   [ 0.        ]]

  [[ 0.        ]
   [ 0.        ]
   [ 0.        ]
   ...
   [ 0.        ]
   [ 0.        ]
   [ 0.        ]]]


 [[[ 0.        ]
   [ 0.        ]
   [ 0.5       ]
   ...
   [ 0.        ]
   [ 0.        ]
   [ 0.        ]]

  [[ 0.        ]
   [ 0.        ]
   [ 0.        ]
   ...
   [ 0.        ]
   [ 0.        ]
   [ 0.        ]]

  [[ 0.        ]
   [ 0.        ]
   [ 0.        ]
   ...
   [ 0.        ]
   [ 0.        ]
   [ 0.        ]]

  ...

  [[ 0.        ]
   [ 0.        ]
   [ 0.        ]
   ...
   [ 0.        ]
   [ 0.        ]
   [ 0.        ]]

  [[ 0.        ]
   [ 0.        ]
   [ 0.        ]
   ...
   [ 0.        ]
   [ 0.        ]
   [ 0.        ]]

  [[ 0.        ]
   [ 0.        ]
   [ 0.        ]
   ...
   [ 0.        ]
   [ 0.        ]
   [ 0.        ]]]]
